>anchorPlateId 701701
>reconstructionTime 56
>NaN_mask.shp
>Zahirovic_etal_2022_OptimisedMantleRef_and_NNRMantleRef.rot
>UnclassifiedFeature <identity>GPlates-3548fac0-8675-4162-a00f-a8f1fa88b3de</identity> <revision>GPlates-d07aabe0-4dc1-45e6-9f86-9365404f54d1</revision>
> shapefileAttributes KeyValueDictionary ( FEATURE_ID,  GPlates-3548fac0-8675-4162-a00f-a8f1fa88b3de) ( PLATEID1,  802) ( GPGIM_TYPE,  gpml:UnclassifiedFeature) ( FROMAGE,  60) ( TOAGE,  0) ( IMPORT_AGE,  51)
> reconstructionPlateId 802
> validTime TimePeriod <begin> TimeInstant <timePosition>60</timePosition></begin> <end> TimeInstant <timePosition>0</timePosition></end>
> geometryImportTime TimeInstant <timePosition>51</timePosition>
  15.782075      -75.513100
  14.482151      -75.452853
  12.354286      -75.533512
  10.485993      -75.405392
   9.785800      -75.469674
   7.347012      -75.710772
   4.580542      -75.680975
   1.457921      -75.703724
  -0.152857      -75.786052
  -2.568226      -75.793060
  -4.426893      -75.681591
  -5.303585      -75.706428
  -6.153628      -75.501682
  -7.474290      -75.413852
  -8.427542      -75.202123
  -9.615895      -75.373107
  -11.847495      -75.353619
  -14.034744      -75.319289
  -16.278652      -75.250259
  -18.403877      -75.269309
  -19.762936      -75.355222
  -21.514780      -75.451370
  -24.144701      -75.491036
  -26.591535      -76.013980
  -28.661508      -76.316062
  -30.251070      -76.569417
  -31.249382      -76.674140
  -32.589550      -76.786603
  -35.415040      -76.693182
  -37.084830      -76.455437
  -38.486956      -76.204229
  -39.279304      -76.051478
  -39.136362      -75.929138
  -38.624070      -75.898300
  -37.848075      -75.998688
  -36.907928      -76.113845
  -36.029087      -76.196652
  -34.851455      -76.339465
  -33.541218      -76.335813
  -32.352863      -76.401080
  -31.002336      -76.377379
  -29.968666      -76.289431
  -26.697914      -75.661681
  -24.507872      -75.313608
  -23.594987      -75.230982
  -22.472233      -75.232034
  -20.261203      -75.042739
  -18.894152      -74.967226
  -17.629744      -74.893536
  -16.263568      -74.865462
  -14.015171      -74.932263
  -12.713295      -74.885464
  -11.757746      -74.825758
  -10.261066      -74.748692
  -9.602812      -74.646128
  -8.786263      -74.555697
  -6.996276      -73.890768
  -5.132507      -73.600526
  -1.482010      -73.605134
   0.598122      -73.553244
   2.965850      -73.703910
   5.454631      -73.976423
   8.606406      -74.365987
  10.986109      -74.657150
  13.225486      -74.866083
  14.654447      -75.030661
  15.668942      -75.023624
  19.048647      -75.285970
  21.654831      -75.450455
  24.166912      -75.495752
  25.898859      -75.360381
  26.623277      -75.166313
  27.545601      -74.810103
  28.578470      -74.356655
  29.819604      -73.854436
  30.281434      -73.320839
  31.009001      -72.903071
  32.188185      -72.529411
  33.067433      -72.276974
  34.049269      -71.824996
  34.594191      -71.586975
  35.386837      -71.398498
  36.097931      -71.192823
  36.651754      -71.025449
  37.391242      -70.857303
  38.305976      -70.556151
  38.269415      -70.766310
  38.197715      -71.103312
  37.911447      -71.415427
  37.648552      -71.951198
  37.626167      -72.550225
  37.236566      -73.132598
  36.424595      -73.963332
  36.097264      -74.373059
  35.099019      -74.730678
  34.312570      -75.130742
  33.214170      -75.324214
  31.158225      -75.715730
  28.872052      -76.082180
  26.477833      -76.177520
  23.287087      -76.119130
  21.013575      -76.094802
  18.785628      -75.934035
  16.733823      -75.623496
  15.782075      -75.513100
>UnclassifiedFeature <identity>GPlates-315e5d4c-499c-41a5-bc10-d44938db79a7</identity> <revision>GPlates-1e37201e-1f53-4142-a753-d7e0fe85f8f2</revision>
> shapefileAttributes KeyValueDictionary ( FEATURE_ID,  GPlates-315e5d4c-499c-41a5-bc10-d44938db79a7) ( PLATEID1,  802) ( GPGIM_TYPE,  gpml:UnclassifiedFeature) ( FROMAGE,  60) ( TOAGE,  0) ( IMPORT_AGE,  51)
> reconstructionPlateId 802
> validTime TimePeriod <begin> TimeInstant <timePosition>60</timePosition></begin> <end> TimeInstant <timePosition>0</timePosition></end>
> geometryImportTime TimeInstant <timePosition>51</timePosition>
  38.743278      -70.744752
  38.145781      -70.923267
  38.112756      -70.615090
  38.167825      -70.598988
  38.376385      -70.479018
  40.059378      -70.580177
  41.087090      -71.228585
  41.245148      -71.566823
  41.543872      -71.822642
  41.661224      -72.039925
  41.763246      -72.729365
  43.248073      -72.901381
  45.075958      -72.968372
  45.435853      -72.821087
  45.959919      -72.393605
  46.458155      -72.331279
  48.317095      -72.371086
  48.668747      -72.082278
  48.950722      -71.753434
  49.439227      -71.391628
  50.071289      -71.160739
  50.777347      -70.840102
  52.137511      -70.571046
  53.623781      -70.211578
  54.416527      -69.894209
  55.029725      -69.631099
  56.286845      -69.120638
  57.100605      -68.846893
  58.141755      -68.784037
  60.674830      -68.597024
  62.603717      -68.573508
  65.068177      -68.731972
  66.098269      -68.800153
  66.992799      -68.674165
  67.116681      -68.414437
  67.793130      -68.187684
  68.374367      -68.180659
  70.672259      -67.970737
  72.192066      -67.977563
  73.873981      -67.951808
  75.641724      -67.852137
  78.470546      -67.831039
  78.996113      -67.804360
  79.676389      -67.806183
  80.934086      -67.573736
  82.344656      -67.483368
  82.873193      -67.513931
  85.208649      -67.489009
  85.831405      -67.239438
  86.794225      -66.966819
  89.210596      -67.014167
  89.666939      -67.192463
  90.537704      -67.739929
  93.526754      -67.683965
  96.023117      -67.584654
  97.658127      -67.471557
  98.910801      -67.317324
  102.223610      -66.758680
  103.831007      -66.397962
  104.831374      -66.226096
  105.713568      -66.038336
  106.683411      -65.809151
  107.567552      -65.434777
  109.012355      -64.908560
  109.398742      -64.648861
  108.534478      -63.989109
  108.795080      -63.710727
  109.359204      -63.465743
  111.126053      -63.330285
  112.389955      -63.072063
  114.599593      -62.731921
  115.672867      -62.723136
  116.916583      -62.905749
  118.565834      -62.939037
  120.315774      -63.028598
  122.138269      -62.975158
  123.853793      -62.868337
  125.982286      -62.733764
  128.364515      -62.616549
  130.423194      -62.416709
  131.940171      -62.211740
  133.565006      -62.010550
  136.132450      -61.687785
  138.229354      -61.649426
  139.472224      -61.571499
  140.182247      -61.451006
  141.116136      -61.230496
  142.758263      -60.474612
  143.499172      -60.222495
  144.218125      -59.978623
  145.407227      -59.713048
  146.176517      -59.546721
  147.511274      -59.274680
  148.147823      -59.016911
  149.491534      -58.554819
  149.839548      -58.716456
  149.548973      -58.850866
  148.168362      -59.411137
  147.408924      -59.724259
  145.988593      -59.969364
  145.139403      -60.185442
  143.542209      -60.550927
  143.165737      -60.826920
  141.772977      -61.509964
  140.651144      -61.754042
  139.393062      -61.883899
  138.352053      -61.928284
  137.582006      -61.974698
  136.832816      -62.013814
  135.238229      -62.149506
  134.252765      -62.346539
  132.512543      -62.492294
  131.920262      -62.654196
  130.895372      -62.789814
  128.932466      -63.023456
  127.263750      -63.048553
  126.061202      -63.039683
  124.533418      -63.156303
  123.298127      -63.297364
  122.157629      -63.381878
  120.440071      -63.392428
  119.181402      -63.347468
  118.578115      -63.332287
  117.323003      -63.293342
  115.353091      -63.020227
  114.347743      -63.133029
  113.363220      -63.229135
  112.710868      -63.346883
  111.548551      -63.590228
  109.836756      -63.871909
  109.841727      -64.078122
  110.215940      -64.354268
  110.424785      -64.833005
  110.237182      -65.054984
  109.622224      -65.360328
  108.097031      -65.883055
  106.842253      -66.195524
  105.717367      -66.545143
  103.750768      -66.949354
  102.808084      -67.081844
  100.581145      -67.517680
  98.144677      -67.752639
  96.621533      -67.910486
  95.081331      -67.963967
  93.269802      -68.030245
  90.161372      -68.030895
  89.265716      -67.628658
  88.597829      -67.365167
  87.135503      -67.311670
  86.687428      -67.408018
  85.522926      -67.933382
  84.708534      -68.063931
  83.115108      -67.827665
  82.326736      -67.886708
  80.689253      -68.077040
  78.340028      -68.285636
  76.820497      -68.357893
  75.698575      -68.272189
  73.791825      -68.374105
  71.782088      -68.487854
  68.692529      -68.466446
  68.487025      -68.567767
  68.396725      -68.813980
  68.350990      -69.074793
  68.011885      -69.276886
  67.285038      -69.299143
  66.228997      -69.267908
  63.142257      -69.033611
  61.942364      -69.045145
  60.784211      -69.024554
  59.522960      -69.056962
  58.446542      -69.077206
  57.928228      -69.144929
  57.392852      -69.307912
  56.387454      -69.816915
  55.390681      -70.234734
  54.120407      -70.549981
  53.308632      -70.687853
  52.563887      -70.922655
  51.676819      -71.175066
  51.194941      -71.518978
  50.451804      -71.861150
  49.371244      -72.505841
  48.865689      -72.769994
  47.459321      -72.809839
  46.861188      -72.945293
  45.881910      -73.370371
  44.951430      -73.414223
  42.497944      -73.267667
  40.304033      -73.005485
  39.880218      -72.747797
  39.392105      -72.407687
  39.398740      -71.954086
  39.674927      -71.344518
  39.576087      -70.943459
  39.147303      -70.736514
  38.743278      -70.744752
>UnclassifiedFeature <identity>GPlates-c132e305-9fd3-4f77-bd81-b14d1a1e2d16</identity> <revision>GPlates-93d086ec-e353-4482-a3c0-bd24bb7d015b</revision>
> shapefileAttributes KeyValueDictionary ( FEATURE_ID,  GPlates-c132e305-9fd3-4f77-bd81-b14d1a1e2d16) ( PLATEID1,  802) ( GPGIM_TYPE,  gpml:UnclassifiedFeature) ( FROMAGE,  60) ( TOAGE,  0) ( IMPORT_AGE,  51)
> reconstructionPlateId 802
> validTime TimePeriod <begin> TimeInstant <timePosition>60</timePosition></begin> <end> TimeInstant <timePosition>0</timePosition></end>
> geometryImportTime TimeInstant <timePosition>51</timePosition>
  149.723024      -58.725880
  149.422680      -58.555992
  149.320821      -58.472741
  149.111831      -58.226583
  149.422568      -58.170378
  150.405087      -58.231249
  150.908815      -58.192529
  153.692508      -58.804761
  155.214628      -59.136815
  156.768728      -59.682662
  159.717300      -60.358612
  160.502044      -60.668422
  161.909164      -61.131564
  162.897910      -61.339497
  163.606615      -61.574481
  164.178349      -61.736170
  165.784537      -62.278912
  165.860386      -62.543720
  165.376722      -62.555556
  164.433086      -62.113110
  163.838159      -61.938363
  163.160063      -61.816480
  162.489246      -61.656504
  161.555495      -61.397853
  159.849325      -61.076042
  158.390564      -60.826962
  156.520378      -60.525115
  155.723980      -60.400772
  155.002789      -60.227244
  153.919272      -59.782281
  152.062283      -59.271407
  151.323913      -59.087252
  150.755184      -58.908810
  150.368774      -58.768384
  149.723024      -58.725880
>UnclassifiedFeature <identity>GPlates-763d813d-52af-45b4-8e47-bed619eeed99</identity> <revision>GPlates-a39527f2-cad5-4b90-8e55-e0c1db06426c</revision>
> shapefileAttributes KeyValueDictionary ( FEATURE_ID,  GPlates-763d813d-52af-45b4-8e47-bed619eeed99) ( PLATEID1,  802) ( GPGIM_TYPE,  gpml:UnclassifiedFeature) ( FROMAGE,  60) ( TOAGE,  0) ( IMPORT_AGE,  51)
> reconstructionPlateId 802
> validTime TimePeriod <begin> TimeInstant <timePosition>60</timePosition></begin> <end> TimeInstant <timePosition>0</timePosition></end>
> geometryImportTime TimeInstant <timePosition>51</timePosition>
  149.091680      -58.325730
  149.505081      -58.311070
  148.834589      -58.341452
  147.471739      -58.384491
  144.303282      -58.397024
  143.178284      -58.448412
  142.430474      -58.414012
  141.720121      -58.382318
  141.088235      -58.298079
  138.481426      -58.157189
  137.368202      -58.237728
  136.387814      -58.342671
  135.094690      -58.485664
  133.908401      -58.723663
  132.821717      -59.041872
  131.858654      -59.309497
  131.509216      -59.471047
  130.564826      -59.542192
  128.990820      -59.804798
  128.198831      -59.911113
  126.545846      -60.114744
  125.914336      -60.235966
  125.534416      -60.354248
  124.150792      -60.775008
  123.336947      -60.970698
  122.135895      -61.208410
  121.400116      -61.246699
  119.386777      -61.315146
  118.524042      -61.388344
  117.811612      -61.457168
  117.022797      -61.447710
  115.905380      -61.462170
  115.314995      -61.377339
  114.214386      -61.211150
  113.802136      -61.090827
  112.763469      -60.993474
  111.306749      -60.942406
  110.473435      -61.069249
  108.743756      -60.995351
  107.472806      -61.054481
  107.162055      -60.834266
  106.781678      -60.481684
  107.208886      -60.364991
  107.477288      -60.387826
  110.268305      -60.441438
  111.293233      -60.517492
  112.194251      -60.471657
  113.290522      -60.703928
  114.638636      -60.850340
  115.600352      -60.948733
  117.644104      -60.936971
  118.369640      -60.881891
  119.325005      -60.816535
  120.120155      -60.783193
  121.200558      -60.763463
  122.242458      -60.654826
  123.175283      -60.507672
  124.069551      -60.242315
  125.012728      -59.975944
  126.448677      -59.660158
  128.077600      -59.286592
  129.172486      -59.100205
  131.643523      -58.849541
  132.198819      -58.700059
  133.209385      -58.457809
  134.821262      -58.144790
  135.862458      -58.033155
  138.905409      -57.833032
  140.171453      -57.992469
  141.470244      -58.029513
  143.087392      -58.076820
  144.454389      -58.002909
  146.558785      -58.023167
  148.058653      -58.062444
  149.101103      -58.037421
  149.346201      -58.120053
  149.432446      -58.276031
  149.091680      -58.325730
>UnclassifiedFeature <identity>GPlates-af9869ac-db94-4fd4-b3f3-347a78bdfa78</identity> <revision>GPlates-875b580a-b92a-41e5-be0c-fc2188650fc5</revision>
> shapefileAttributes KeyValueDictionary ( FEATURE_ID,  GPlates-af9869ac-db94-4fd4-b3f3-347a78bdfa78) ( PLATEID1,  802) ( GPGIM_TYPE,  gpml:UnclassifiedFeature) ( FROMAGE,  60) ( TOAGE,  0) ( IMPORT_AGE,  51)
> reconstructionPlateId 802
> validTime TimePeriod <begin> TimeInstant <timePosition>60</timePosition></begin> <end> TimeInstant <timePosition>0</timePosition></end>
> geometryImportTime TimeInstant <timePosition>51</timePosition>
  165.784888      -62.537955
  165.841350      -62.240889
  166.264466      -62.030968
  166.615417      -62.064190
  167.036248      -62.123146
  167.336132      -62.211484
  167.822793      -62.371201
  168.295503      -62.516478
  168.943234      -62.717998
  169.448150      -62.973315
  170.279719      -63.369900
  170.525117      -63.502927
  171.139944      -63.663071
  170.979312      -63.343665
  170.876316      -63.067093
  170.855802      -62.747437
  171.089718      -62.624385
  172.085250      -62.610316
  173.084398      -62.567453
  173.697432      -62.694882
  174.566328      -62.883996
  174.669664      -63.158325
  174.850830      -63.335015
  175.040199      -63.930030
  175.173639      -64.252545
  175.291718      -64.504647
  175.098349      -64.596477
  174.823101      -64.628639
  174.317425      -64.662669
  173.574333      -64.634818
  172.562917      -64.526594
  171.957780      -64.403060
  171.358016      -64.277054
  170.812750      -64.228527
  170.201056      -64.085475
  169.594802      -63.955225
  168.763296      -63.736169
  168.265292      -63.552523
  167.859781      -63.396723
  167.414520      -63.149418
  167.007789      -62.972396
  166.491164      -62.747428
  166.123947      -62.639618
  165.784888      -62.537955
>UnclassifiedFeature <identity>GPlates-6fee5383-3ddb-4f3a-8ebe-8b6730d91270</identity> <revision>GPlates-a3589461-e0ad-46e7-aec4-7c7627ced2ab</revision>
> shapefileAttributes KeyValueDictionary ( FEATURE_ID,  GPlates-6fee5383-3ddb-4f3a-8ebe-8b6730d91270) ( PLATEID1,  802) ( GPGIM_TYPE,  gpml:UnclassifiedFeature) ( FROMAGE,  60) ( TOAGE,  0) ( IMPORT_AGE,  51)
> reconstructionPlateId 802
> validTime TimePeriod <begin> TimeInstant <timePosition>60</timePosition></begin> <end> TimeInstant <timePosition>0</timePosition></end>
> geometryImportTime TimeInstant <timePosition>51</timePosition>
  -172.867658      -66.556867
  -172.141147      -69.061340
  -172.161647      -69.058917
  -172.317180      -68.552511
  -172.428475      -68.389145
  -172.617440      -68.129817
  -172.928823      -67.948696
  -173.150724      -67.693350
  -173.163767      -67.618462
  -173.162835      -67.473232
  -173.420542      -67.287938
  -173.598297      -67.117063
  -173.885780      -67.067215
  -174.200853      -66.923930
  -174.421114      -66.848512
  -174.402033      -66.387817
  -174.524869      -66.145981
  -174.918319      -66.156800
  -175.297802      -66.209293
  -175.335963      -66.334065
  -175.228471      -66.482599
  -175.057852      -66.641609
  -175.265979      -66.950719
  -175.503431      -67.203919
  -175.847581      -67.367526
  -176.169790      -67.532747
  -176.695030      -67.404814
  -177.142201      -67.292911
  -177.277766      -66.961540
  -177.227992      -66.705969
  -177.770166      -66.723437
  -178.384141      -66.719247
  -178.790610      -66.632152
  -178.997627      -66.517013
  -179.176371      -66.344738
  -179.539580      -66.112492
  -179.749443      -65.973318
  179.889696      -65.842567
  179.583493      -65.750169
  179.049700      -65.731974
  178.634871      -65.628541
  178.288301      -65.576826
  177.806894      -65.411642
  177.299185      -65.221805
  176.889341      -65.112633
  176.503745      -64.980053
  176.111244      -64.879129
  175.659398      -64.757616
  175.261607      -64.687058
  174.983475      -64.619501
  175.239103      -64.364662
  176.200618      -64.548761
  177.873299      -64.848320
  178.818582      -65.069006
  179.829542      -65.353467
  -179.396992      -65.670778
  -178.547225      -65.914780
  -177.669102      -66.186198
  -176.698739      -66.156037
  -176.003641      -66.133333
  -175.101636      -65.858135
  -174.402192      -65.920427
  -173.738563      -66.457672
  -172.980776      -66.637455
  -172.867658      -66.556867
>UnclassifiedFeature <identity>GPlates-6fee5383-3ddb-4f3a-8ebe-8b6730d91270</identity> <revision>GPlates-a3589461-e0ad-46e7-aec4-7c7627ced2ab</revision>
> shapefileAttributes KeyValueDictionary ( FEATURE_ID,  GPlates-6fee5383-3ddb-4f3a-8ebe-8b6730d91270) ( PLATEID1,  802) ( GPGIM_TYPE,  gpml:UnclassifiedFeature) ( FROMAGE,  60) ( TOAGE,  0) ( IMPORT_AGE,  51)
> reconstructionPlateId 802
> validTime TimePeriod <begin> TimeInstant <timePosition>60</timePosition></begin> <end> TimeInstant <timePosition>0</timePosition></end>
> geometryImportTime TimeInstant <timePosition>51</timePosition>
  -173.077108      -65.725841
  -173.328141      -64.653680
  -172.804621      -64.658882
  -171.871527      -64.817505
  -171.299904      -65.039066
  -170.977458      -65.371699
  -170.710850      -65.673131
  -170.417318      -66.039809
  -169.941991      -66.746077
  -169.863376      -67.212587
  -169.779238      -67.515773
  -169.439666      -67.866031
  -168.890519      -68.391311
  -168.847801      -68.734722
  -168.870465      -69.044447
  -168.784537      -69.390391
  -169.304432      -69.417879
  -169.630876      -69.628722
  -170.511464      -69.588908
  -171.063645      -69.460335
  -171.136809      -69.292762
  -171.623737      -69.121503
  -172.141147      -69.061340
  -172.867658      -66.556867
  -172.520433      -66.305674
  -172.803293      -65.963627
  -173.068202      -65.727286
  -173.077108      -65.725841
>UnclassifiedFeature <identity>GPlates-6fee5383-3ddb-4f3a-8ebe-8b6730d91270</identity> <revision>GPlates-a3589461-e0ad-46e7-aec4-7c7627ced2ab</revision>
> shapefileAttributes KeyValueDictionary ( FEATURE_ID,  GPlates-6fee5383-3ddb-4f3a-8ebe-8b6730d91270) ( PLATEID1,  802) ( GPGIM_TYPE,  gpml:UnclassifiedFeature) ( FROMAGE,  60) ( TOAGE,  0) ( IMPORT_AGE,  51)
> reconstructionPlateId 802
> validTime TimePeriod <begin> TimeInstant <timePosition>60</timePosition></begin> <end> TimeInstant <timePosition>0</timePosition></end>
> geometryImportTime TimeInstant <timePosition>51</timePosition>
  -173.328141      -64.653680
  -173.077108      -65.725841
  -174.260168      -65.527843
  -174.363815      -65.266963
  -174.330812      -64.917078
  -173.580939      -64.650504
  -173.328141      -64.653680
>UnclassifiedFeature <identity>GPlates-b1eebb3f-f4c3-45b7-821c-7566d521d386</identity> <revision>GPlates-5e301d5e-86cc-4c04-93f1-c28b2aac48c2</revision>
> shapefileAttributes KeyValueDictionary ( FEATURE_ID,  GPlates-b1eebb3f-f4c3-45b7-821c-7566d521d386) ( PLATEID1,  804) ( GPGIM_TYPE,  gpml:UnclassifiedFeature) ( FROMAGE,  60) ( TOAGE,  0) ( IMPORT_AGE,  51)
> reconstructionPlateId 804
> validTime TimePeriod <begin> TimeInstant <timePosition>60</timePosition></begin> <end> TimeInstant <timePosition>0</timePosition></end>
> geometryImportTime TimeInstant <timePosition>51</timePosition>
  -167.138651      -69.744550
  -169.051223      -69.608052
  -169.654845      -68.706244
  -168.841904      -68.687373
  -168.212354      -68.811046
  -167.072384      -68.811144
  -165.928586      -68.770024
  -163.630809      -68.951894
  -157.299428      -69.570781
  -156.472535      -69.492222
  -155.707139      -69.395097
  -153.243684      -68.901953
  -151.784249      -68.710677
  -149.897758      -68.300298
  -148.726167      -67.892597
  -147.730632      -67.698138
  -146.173696      -67.402740
  -144.108391      -67.150644
  -141.875991      -66.807523
  -139.889213      -66.534272
  -138.712104      -66.473884
  -137.322702      -66.182852
  -135.540893      -66.170927
  -134.657187      -66.017912
  -133.410478      -66.084905
  -131.926228      -66.244534
  -130.492420      -66.036662
  -126.826757      -65.953643
  -125.587567      -65.981796
  -124.729670      -65.924674
  -122.713845      -65.911578
  -120.997993      -65.882738
  -119.025555      -65.988077
  -117.753157      -66.122744
  -115.757797      -66.282264
  -114.689549      -66.317192
  -112.433477      -66.197677
  -110.332581      -66.359453
  -109.121595      -66.425686
  -105.664532      -66.648100
  -104.509164      -66.461150
  -103.332683      -66.359884
  -101.665205      -66.283059
  -99.735570      -66.138632
  -98.386555      -66.152540
  -95.831150      -66.038467
  -94.563143      -65.928279
  -93.400891      -65.695161
  -91.956677      -65.382134
  -89.559671      -64.630471
  -87.630183      -64.039242
  -86.075884      -63.591938
  -84.148225      -63.031117
  -82.701978      -62.547728
  -81.461399      -62.256473
  -80.631588      -62.116199
  -79.469759      -61.957992
  -78.758950      -61.863896
  -77.797464      -61.688717
  -77.002929      -61.870354
  -76.450811      -62.299479
  -75.485045      -62.193929
  -74.006597      -62.170921
  -72.239157      -61.877094
  -70.967737      -61.707944
  -70.019975      -61.649571
  -68.313650      -61.524450
  -67.127298      -61.469478
  -66.014990      -61.403054
  -64.838570      -61.428805
  -65.451778      -62.201931
  -65.815472      -62.164956
  -66.519528      -62.274070
  -67.607281      -62.472503
  -71.217286      -62.899897
  -72.553136      -62.980608
  -75.186584      -63.261644
  -76.482934      -63.343824
  -77.687293      -63.612989
  -78.861947      -63.998203
  -80.106179      -64.439050
  -81.451794      -64.774518
  -83.827989      -65.480610
  -88.306891      -66.715506
  -89.770279      -67.009140
  -91.319982      -67.169369
  -93.340909      -67.249025
  -95.924161      -67.191657
  -98.197416      -68.733589
  -98.773143      -68.589198
  -100.132542      -66.776435
  -101.051617      -66.682975
  -103.444542      -66.857054
  -104.703286      -66.957155
  -106.756960      -67.106547
  -108.819465      -66.965565
  -110.378539      -66.717485
  -111.774471      -66.619630
  -113.216322      -66.771651
  -115.333354      -66.784387
  -116.601415      -66.763937
  -118.259156      -66.578043
  -119.488391      -66.438961
  -120.554202      -66.393209
  -121.918043      -66.347639
  -123.744469      -66.403958
  -124.900368      -66.418187
  -125.870350      -66.414805
  -127.286383      -66.438431
  -128.626500      -66.511244
  -130.166124      -66.657830
  -131.935351      -66.738381
  -132.938731      -66.718603
  -134.124676      -66.540442
  -135.228205      -66.490075
  -135.759837      -66.644173
  -138.081859      -66.933559
  -139.505844      -66.957166
  -140.838942      -67.169889
  -142.081598      -67.231553
  -143.565571      -67.506317
  -145.026645      -67.778221
  -146.124378      -68.067188
  -147.553563      -68.167645
  -148.120884      -68.459815
  -148.943230      -68.665480
  -150.222146      -68.932969
  -151.195563      -69.186597
  -152.440011      -69.311891
  -153.825112      -69.604090
  -155.280242      -69.936963
  -158.009708      -70.372553
  -160.178652      -70.254284
  -162.716282      -70.108574
  -164.869050      -69.916484
  -167.138651      -69.744550
>UnclassifiedFeature <identity>GPlates-b2411ecc-3099-4da8-a463-c653a8939c7e</identity> <revision>GPlates-5a4110a3-14ff-4644-b0db-4c06886fa9b0</revision>
> shapefileAttributes KeyValueDictionary ( FEATURE_ID,  GPlates-b2411ecc-3099-4da8-a463-c653a8939c7e) ( PLATEID1,  802) ( GPGIM_TYPE,  gpml:UnclassifiedFeature) ( FROMAGE,  60) ( TOAGE,  0) ( IMPORT_AGE,  51)
> reconstructionPlateId 802
> validTime TimePeriod <begin> TimeInstant <timePosition>60</timePosition></begin> <end> TimeInstant <timePosition>0</timePosition></end>
> geometryImportTime TimeInstant <timePosition>51</timePosition>
  -62.979272      -65.141503
  -62.670393      -64.959103
  -62.467316      -64.894037
  -62.228915      -64.943516
  -61.991970      -65.111719
  -62.550447      -65.632197
  -63.201347      -65.947221
  -63.630190      -66.098349
  -64.058365      -66.463120
  -64.489143      -66.975015
  -64.880325      -67.509542
  -66.127207      -68.128530
  -66.635437      -68.402599
  -67.141894      -68.667780
  -67.344625      -68.927043
  -67.557414      -69.479246
  -67.723689      -69.933651
  -67.749475      -70.370682
  -67.768044      -71.497066
  -67.385532      -72.095082
  -65.647554      -72.686926
  -63.944992      -73.303042
  -61.868058      -73.532004
  -59.597510      -73.615067
  -55.905959      -73.668491
  -55.158582      -73.692381
  -53.735374      -73.902577
  -52.383382      -74.191614
  -49.787514      -74.608386
  -47.810210      -74.781771
  -46.176690      -75.048695
  -43.651568      -75.288404
  -41.993236      -75.446017
  -39.830008      -75.728737
  -38.143082      -75.932852
  -38.464573      -76.187157
  -39.049072      -76.172475
  -39.805163      -76.104533
  -42.597061      -75.930644
  -47.236719      -75.433422
  -49.639068      -75.152678
  -51.767948      -74.884108
  -53.384756      -74.520536
  -55.620395      -74.121487
  -56.009811      -74.088298
  -57.514872      -74.135961
  -59.408956      -74.155246
  -61.152748      -74.117225
  -64.111787      -73.779630
  -66.573818      -73.163856
  -67.886665      -72.684142
  -68.793472      -71.896581
  -68.998481      -71.448360
  -69.074399      -70.566042
  -69.058018      -69.918379
  -68.454336      -68.918037
  -67.995271      -68.446257
  -67.343288      -68.142923
  -66.728316      -67.913981
  -66.002703      -67.512634
  -65.687289      -67.374134
  -65.590701      -67.144973
  -65.483373      -66.935479
  -65.123896      -66.488352
  -64.746034      -66.144282
  -64.338630      -65.851740
  -63.856604      -65.637068
  -63.290584      -65.428887
  -62.979272      -65.141503
>