>anchorPlateId 701701
>reconstructionTime 51
>NaN_mask.shp
>CombinedRotations.rot Zahirovic_etal_2022_OptimisedMantleRef_and_NNRMantleRef.rot
>UnclassifiedFeature <identity>GPlates-3548fac0-8675-4162-a00f-a8f1fa88b3de</identity> <revision>GPlates-0a734e3b-bc87-4473-be27-cc0915237193</revision>
> shapefileAttributes KeyValueDictionary ( FEATURE_ID,  GPlates-3548fac0-8675-4162-a00f-a8f1fa88b3de) ( PLATEID1,  802) ( GPGIM_TYPE,  gpml:UnclassifiedFeature) ( FROMAGE,  60) ( TOAGE,  0) ( IMPORT_AGE,  51)
> reconstructionPlateId 802
> validTime TimePeriod <begin> TimeInstant <timePosition>60</timePosition></begin> <end> TimeInstant <timePosition>0</timePosition></end>
> geometryImportTime TimeInstant <timePosition>51</timePosition>
  18.680817      -76.133948
  17.311034      -76.092379
  15.106979      -76.202608
  13.122589      -76.099977
  12.403006      -76.173459
   9.895054      -76.445757
   6.975435      -76.450116
   3.682852      -76.509123
   1.994015      -76.609125
  -0.565654      -76.641483
  -2.558621      -76.548540
  -3.486189      -76.581722
  -4.422519      -76.385020
  -5.839820      -76.309106
  -6.883609      -76.105743
  -8.124305      -76.286543
  -10.504215      -76.284549
  -12.841082      -76.265917
  -15.243870      -76.211476
  -17.512771      -76.242870
  -18.958799      -76.335917
  -20.826683      -76.440402
  -23.642733      -76.490750
  -26.241100      -77.021580
  -28.456729      -77.328827
  -30.163028      -77.585193
  -31.238869      -77.691380
  -32.685971      -77.805287
  -35.743452      -77.712937
  -37.546258      -77.474565
  -39.054881      -77.222112
  -39.905151      -77.068368
  -39.748175      -76.946224
  -39.196084      -76.916029
  -38.362554      -77.017222
  -37.351316      -77.133085
  -36.404631      -77.216286
  -35.134560      -77.359220
  -33.720614      -77.355159
  -32.437081      -77.419556
  -30.979940      -77.394292
  -29.867427      -77.304740
  -26.373330      -76.669604
  -24.042735      -76.314639
  -23.069931      -76.228677
  -21.867848      -76.225245
  -19.517038      -76.025967
  -18.062962      -75.943499
  -16.719968      -75.862855
  -15.265708      -75.826695
  -12.863034      -75.878894
  -11.482096      -75.822962
  -10.472428      -75.756239
  -8.890985      -75.667633
  -8.204690      -75.559819
  -7.349703      -75.462685
  -5.537254      -74.782651
  -3.605915      -74.475547
   0.238830      -74.444061
   2.417627      -74.370053
   4.924697      -74.494020
   7.576977      -74.736832
  10.944818      -75.086538
  13.488448      -75.346049
  15.868992      -75.524120
  17.394362      -75.668399
  18.449271      -75.646886
  22.023152      -75.859135
  24.765399      -75.983637
  27.374200      -75.989557
  29.125055      -75.826829
  29.820979      -75.621475
  30.680462      -75.251005
  31.632685      -74.781544
  32.790844      -74.259805
  33.149809      -73.719482
  33.808877      -73.290315
  34.939462      -72.897550
  35.787795      -72.630726
  36.704841      -72.162839
  37.217008      -71.915922
  37.989668      -71.714223
  38.676556      -71.496689
  39.210390      -71.320057
  39.932268      -71.139431
  40.810178      -70.822907
  40.806751      -71.033413
  40.789521      -71.371182
  40.552615      -71.687790
  40.381295      -72.227290
  40.471577      -72.825743
  40.193729      -73.413840
  39.550730      -74.257015
  39.314331      -74.671552
  38.386529      -75.045533
  37.688226      -75.458153
  36.618963      -75.669848
  34.624175      -76.095083
  32.383844      -76.498648
  29.947119      -76.632871
  26.634312      -76.625524
  24.271523      -76.636595
  21.913737      -76.509962
  19.699198      -76.230345
  18.680817      -76.133948
>UnclassifiedFeature <identity>GPlates-315e5d4c-499c-41a5-bc10-d44938db79a7</identity> <revision>GPlates-a5e9739f-5de7-43b4-b66c-1ec86aa8c902</revision>
> shapefileAttributes KeyValueDictionary ( FEATURE_ID,  GPlates-315e5d4c-499c-41a5-bc10-d44938db79a7) ( PLATEID1,  802) ( GPGIM_TYPE,  gpml:UnclassifiedFeature) ( FROMAGE,  60) ( TOAGE,  0) ( IMPORT_AGE,  51)
> reconstructionPlateId 802
> validTime TimePeriod <begin> TimeInstant <timePosition>60</timePosition></begin> <end> TimeInstant <timePosition>0</timePosition></end>
> geometryImportTime TimeInstant <timePosition>51</timePosition>
  41.282791      -71.003684
  40.707141      -71.192288
  40.623960      -70.885106
  40.677143      -70.868074
  40.869280      -70.744661
  42.587091      -70.816479
  43.732171      -71.446036
  43.950566      -71.781001
  44.298095      -72.031195
  44.456585      -72.246074
  44.693097      -72.932569
  46.226374      -73.078187
  48.081630      -73.112799
  48.413418      -72.959414
  48.855162      -72.523406
  49.343885      -72.452359
  51.218076      -72.459108
  51.515431      -72.164541
  51.737215      -71.831224
  52.162208      -71.461307
  52.755410      -71.219530
  53.408334      -70.886811
  54.724952      -70.593940
  56.153027      -70.208530
  56.895837      -69.877492
  57.468532      -69.603828
  58.648871      -69.071685
  59.421903      -68.783836
  60.449929      -68.702608
  62.943444      -68.471087
  64.854854      -68.413724
  67.317400      -68.529033
  68.345538      -68.579292
  69.213637      -68.438014
  69.303022      -68.176442
  69.943392      -67.938308
  70.516786      -67.921330
  72.759590      -67.672535
  74.258591      -67.653771
  75.911743      -67.600008
  77.639020      -67.471307
  80.414862      -67.404407
  80.927527      -67.369353
  81.594850      -67.360357
  82.802659      -67.108281
  84.174884      -66.996016
  84.695452      -67.018398
  86.977206      -66.957971
  87.561192      -66.699263
  88.475924      -66.412546
  90.839684      -66.424676
  91.301284      -66.596323
  92.201543      -67.131068
  95.105558      -67.033857
  97.523088      -66.901462
  99.101147      -66.767409
  100.304235      -66.597532
  103.474813      -65.999195
  105.007897      -65.620117
  105.966152      -65.437095
  106.809091      -65.239700
  107.734773      -65.000137
  108.569338      -64.616545
  109.940441      -64.075624
  110.301200      -63.812108
  109.427869      -63.161293
  109.666750      -62.880324
  110.202572      -62.629699
  111.912214      -62.476914
  113.127884      -62.206815
  115.258967      -61.846857
  116.300451      -61.828876
  117.514242      -62.001185
  119.114927      -62.021486
  120.814317      -62.098070
  122.578425      -62.032032
  124.236981      -61.914202
  126.294679      -61.767122
  128.598454      -61.637437
  130.587355      -61.428141
  132.052297      -61.216995
  133.622336      -61.009934
  136.104429      -60.679475
  138.134796      -60.636281
  139.337819      -60.556109
  140.024703      -60.434541
  140.928172      -60.212847
  142.517085      -59.455515
  143.235128      -59.203010
  143.932316      -58.958918
  145.086232      -58.693322
  145.833140      -58.527210
  147.129713      -58.255964
  147.748813      -57.998763
  149.056458      -57.538273
  149.393843      -57.700412
  149.110781      -57.834399
  147.767311      -58.393009
  147.029024      -58.705462
  145.650162      -58.949784
  144.826139      -59.165684
  143.277395      -59.531423
  142.912940      -59.807588
  141.565619      -60.491638
  140.480502      -60.736948
  139.263372      -60.868636
  138.255981      -60.914895
  137.510971      -60.962903
  136.786131      -61.003740
  135.244164      -61.143648
  134.293013      -61.343661
  132.611108      -61.495381
  132.040741      -61.659512
  131.051564      -61.799233
  129.157218      -62.041588
  127.543117      -62.074976
  126.379020      -62.072579
  124.903311      -62.198007
  123.711601      -62.346666
  122.610059      -62.438580
  120.947145      -62.460966
  119.726238      -62.425205
  119.141104      -62.414586
  117.923121      -62.385450
  116.001877      -62.128623
  115.030956      -62.250092
  114.079572      -62.354943
  113.451567      -62.478612
  112.334471      -62.732765
  110.686360      -63.030994
  110.701500      -63.237105
  111.078578      -63.509487
  111.305795      -63.986055
  111.135703      -64.209810
  110.556443      -64.521145
  109.109031      -65.059179
  107.912796      -65.384687
  106.845875      -65.746279
  104.968799      -66.172192
  104.065089      -66.315421
  101.940360      -66.777345
  99.597081      -67.042190
  98.132774      -67.219348
  96.642068      -67.292900
  94.887835      -67.383393
  91.863268      -67.427145
  90.951297      -67.037951
  90.274663      -66.784258
  88.842206      -66.752119
  88.413994      -66.855003
  87.329574      -67.397284
  86.547687      -67.539969
  84.964894      -67.328156
  84.199751      -67.399298
  82.617168      -67.614993
  80.338049      -67.860678
  78.855338      -67.957368
  77.743356      -67.890026
  75.880745      -68.023248
  73.916079      -68.170417
  70.866400      -68.201372
  70.676250      -68.306094
  70.618607      -68.553579
  70.607614      -68.814878
  70.299903      -69.022541
  69.585145      -69.057244
  68.537305      -69.044243
  65.449929      -68.863867
  64.261670      -68.896398
  63.109358      -68.896183
  61.860773      -68.950784
  60.793184      -68.990027
  60.286851      -69.066841
  59.776820      -69.239106
  58.849385      -69.765283
  57.919472      -70.200238
  56.702144      -70.537623
  55.914012      -70.689738
  55.208717      -70.937448
  54.364610      -71.205268
  53.942569      -71.557222
  53.260720      -71.912069
  52.301398      -72.574890
  51.847631      -72.847563
  50.444767      -72.912321
  49.871957      -73.058143
  48.978035      -73.499783
  48.051377      -73.560018
  45.546601      -73.457001
  43.274790      -73.233730
  42.793547      -72.983884
  42.232710      -72.652845
  42.154065      -72.199861
  42.325070      -71.586422
  42.157522      -71.187663
  41.690147      -70.988454
  41.282791      -71.003684
>UnclassifiedFeature <identity>GPlates-c132e305-9fd3-4f77-bd81-b14d1a1e2d16</identity> <revision>GPlates-dab20fe7-f486-44f6-bc64-04a07e8cc3c4</revision>
> shapefileAttributes KeyValueDictionary ( FEATURE_ID,  GPlates-c132e305-9fd3-4f77-bd81-b14d1a1e2d16) ( PLATEID1,  802) ( GPGIM_TYPE,  gpml:UnclassifiedFeature) ( FROMAGE,  60) ( TOAGE,  0) ( IMPORT_AGE,  51)
> reconstructionPlateId 802
> validTime TimePeriod <begin> TimeInstant <timePosition>60</timePosition></begin> <end> TimeInstant <timePosition>0</timePosition></end>
> geometryImportTime TimeInstant <timePosition>51</timePosition>
  149.280557      -57.709664
  148.989529      -57.539350
  148.890926      -57.455961
  148.688895      -57.209530
  148.991292      -57.153738
  149.946313      -57.216104
  150.436355      -57.178263
  153.137618      -57.796717
  154.613278      -58.133149
  156.116123      -58.684167
  158.968522      -59.371879
  159.724553      -59.685239
  161.080625      -60.155193
  162.035225      -60.368256
  162.717168      -60.607083
  163.267703      -60.771978
  164.810743      -61.324206
  164.876870      -61.589458
  164.407902      -61.598339
  163.505195      -61.150352
  162.932889      -60.972232
  162.278456      -60.846619
  161.631781      -60.683084
  160.732000      -60.419696
  159.083693      -60.089866
  157.673118      -59.834597
  155.863447      -59.525723
  155.092440      -59.398699
  154.394808      -59.222906
  153.348107      -58.774833
  151.549581      -58.259431
  150.833753      -58.073761
  150.282429      -57.894263
  149.907834      -57.753176
  149.280557      -57.709664
>UnclassifiedFeature <identity>GPlates-763d813d-52af-45b4-8e47-bed619eeed99</identity> <revision>GPlates-977aec8b-60bf-495f-af62-db5dbf15e891</revision>
> shapefileAttributes KeyValueDictionary ( FEATURE_ID,  GPlates-763d813d-52af-45b4-8e47-bed619eeed99) ( PLATEID1,  802) ( GPGIM_TYPE,  gpml:UnclassifiedFeature) ( FROMAGE,  60) ( TOAGE,  0) ( IMPORT_AGE,  51)
> reconstructionPlateId 802
> validTime TimePeriod <begin> TimeInstant <timePosition>60</timePosition></begin> <end> TimeInstant <timePosition>0</timePosition></end>
> geometryImportTime TimeInstant <timePosition>51</timePosition>
  148.668858      -57.308652
  149.070833      -57.294544
  148.418853      -57.324056
  147.093856      -57.365744
  144.013941      -57.377304
  142.920488      -57.429075
  142.193528      -57.395141
  141.502923      -57.364047
  140.888329      -57.280468
  138.352924      -57.143577
  137.270978      -57.226445
  136.318543      -57.333746
  135.062579      -57.480287
  133.911889      -57.721976
  132.859600      -58.043928
  131.927408      -58.315159
  131.590270      -58.478082
  130.673833      -58.553130
  129.149135      -58.822811
  128.381719      -58.932959
  126.780010      -59.145172
  126.169159      -59.269876
  125.802759      -59.390305
  124.468963      -59.819226
  123.683668      -60.019969
  122.523893      -60.265480
  121.810534      -60.308754
  119.857199      -60.391614
  119.021441      -60.471322
  118.331563      -60.545673
  117.564776      -60.542506
  116.479278      -60.566159
  115.902296      -60.486335
  114.825887      -60.329729
  114.420369      -60.213088
  113.405931      -60.125177
  111.985757      -60.087806
  111.179353      -60.222698
  109.491305      -60.166131
  108.255187      -60.238443
  107.942598      -60.021568
  107.556334      -59.673125
  107.968110      -59.551905
  108.230896      -59.571896
  110.954331      -59.597028
  111.955991      -59.663104
  112.831952      -59.608738
  113.908113      -59.830863
  115.225491      -59.965255
  116.164561      -60.055370
  118.151572      -60.026868
  118.855134      -59.966122
  119.781753      -59.893522
  120.553567      -59.854338
  121.602879      -59.826947
  122.612208      -59.711238
  123.514656      -59.558012
  124.376957      -59.287071
  125.287267      -59.015052
  126.676020      -58.691142
  128.252101      -58.309072
  129.313211      -58.117394
  131.711659      -57.856061
  132.249465      -57.704431
  133.228991      -57.458501
  134.793090      -57.140234
  135.804756      -57.025616
  138.763202      -56.818633
  139.995510      -56.976033
  141.258752      -57.011489
  142.831439      -57.057531
  144.160649      -56.983166
  146.207048      -57.003830
  147.665471      -57.044211
  148.679306      -57.020356
  148.917273      -57.103309
  149.000387      -57.259404
  148.668858      -57.308652
>UnclassifiedFeature <identity>GPlates-af9869ac-db94-4fd4-b3f3-347a78bdfa78</identity> <revision>GPlates-5576beed-0ffa-4776-893e-9996ee026f20</revision>
> shapefileAttributes KeyValueDictionary ( FEATURE_ID,  GPlates-af9869ac-db94-4fd4-b3f3-347a78bdfa78) ( PLATEID1,  802) ( GPGIM_TYPE,  gpml:UnclassifiedFeature) ( FROMAGE,  60) ( TOAGE,  0) ( IMPORT_AGE,  51)
> reconstructionPlateId 802
> validTime TimePeriod <begin> TimeInstant <timePosition>60</timePosition></begin> <end> TimeInstant <timePosition>0</timePosition></end>
> geometryImportTime TimeInstant <timePosition>51</timePosition>
  164.803876      -61.583228
  164.866863      -61.286537
  165.282903      -61.079273
  165.622298      -61.114718
  166.028710      -61.176385
  166.316937      -61.266680
  166.784048      -61.429623
  167.237887      -61.578096
  167.859402      -61.784095
  168.340355      -62.042969
  169.132383      -62.445563
  169.365325      -62.580395
  169.954968      -62.745157
  169.811179      -62.424575
  169.721355      -62.147262
  169.712770      -61.827494
  169.943942      -61.706236
  170.910205      -61.699897
  171.881324      -61.665067
  172.471454      -61.797533
  173.307309      -61.993951
  173.396493      -62.269117
  173.564961      -62.447334
  173.723272      -63.043874
  173.838362      -63.367484
  173.941362      -63.620565
  173.749894      -63.710693
  173.481900      -63.740470
  172.990785      -63.770174
  172.272710      -63.736106
  171.298438      -63.619668
  170.717885      -63.491359
  170.142469      -63.360716
  169.616652      -63.308048
  169.030086      -63.160457
  168.448113      -63.025806
  167.651018      -62.800881
  167.175158      -62.613816
  166.787680      -62.455282
  166.364400      -62.205034
  165.975927      -62.025365
  165.482181      -61.797100
  165.129522      -61.686985
  164.803876      -61.583228
>UnclassifiedFeature <identity>GPlates-6fee5383-3ddb-4f3a-8ebe-8b6730d91270</identity> <revision>GPlates-7c3db868-74ea-44b7-9bf6-6d3ec6972437</revision>
> shapefileAttributes KeyValueDictionary ( FEATURE_ID,  GPlates-6fee5383-3ddb-4f3a-8ebe-8b6730d91270) ( PLATEID1,  802) ( GPGIM_TYPE,  gpml:UnclassifiedFeature) ( FROMAGE,  60) ( TOAGE,  0) ( IMPORT_AGE,  51)
> reconstructionPlateId 802
> validTime TimePeriod <begin> TimeInstant <timePosition>60</timePosition></begin> <end> TimeInstant <timePosition>0</timePosition></end>
> geometryImportTime TimeInstant <timePosition>51</timePosition>
  -174.703095      -65.792999
  -174.198893      -68.304752
  -174.218485      -68.302090
  -174.324923      -67.794127
  -174.418834      -67.629543
  -174.580302      -67.368140
  -174.867051      -67.183492
  -175.061777      -66.925702
  -175.068619      -66.850698
  -175.056599      -66.705545
  -175.292212      -66.517369
  -175.451756      -66.344533
  -175.726600      -66.291428
  -176.021507      -66.144632
  -176.229540      -66.066762
  -176.179124      -65.606467
  -176.281935      -65.363344
  -176.664167      -65.369755
  -177.035528      -65.418016
  -177.080771      -65.542320
  -176.986542      -65.691985
  -176.832029      -65.852825
  -177.054981      -66.159508
  -177.302653      -66.409989
  -177.647275      -66.569763
  -177.970725      -66.731417
  -178.469552      -66.597880
  -178.894187      -66.481258
  -179.002847      -66.148575
  -178.937774      -65.893623
  -179.463602      -65.905381
  179.942635      -65.894820
  179.554929      -65.803586
  179.361830      -65.686377
  179.199450      -65.512346
  178.861874      -65.276514
  178.666907      -65.135283
  178.325115      -65.000986
  178.033918      -64.905597
  177.518190      -64.882204
  177.122324      -64.774805
  176.789649      -64.719799
  176.332412      -64.550119
  175.850706      -64.355603
  175.459415      -64.242692
  175.092629      -64.106638
  174.717475      -64.002207
  174.285724      -63.876707
  173.903824      -63.802675
  173.637605      -63.732716
  173.896749      -63.480149
  174.819742      -63.672712
  176.425672      -63.987560
  177.330164      -64.217183
  178.294306      -64.511431
  179.025706      -64.836367
  179.834467      -65.088939
  -179.331625      -65.369386
  -178.389753      -65.349525
  -177.714724      -65.334340
  -176.822441      -65.069163
  -176.148021      -65.139257
  -175.540667      -65.683816
  -174.818542      -65.872239
  -174.703095      -65.792999
>UnclassifiedFeature <identity>GPlates-6fee5383-3ddb-4f3a-8ebe-8b6730d91270</identity> <revision>GPlates-7c3db868-74ea-44b7-9bf6-6d3ec6972437</revision>
> shapefileAttributes KeyValueDictionary ( FEATURE_ID,  GPlates-6fee5383-3ddb-4f3a-8ebe-8b6730d91270) ( PLATEID1,  802) ( GPGIM_TYPE,  gpml:UnclassifiedFeature) ( FROMAGE,  60) ( TOAGE,  0) ( IMPORT_AGE,  51)
> reconstructionPlateId 802
> validTime TimePeriod <begin> TimeInstant <timePosition>60</timePosition></begin> <end> TimeInstant <timePosition>0</timePosition></end>
> geometryImportTime TimeInstant <timePosition>51</timePosition>
  -174.849144      -64.959885
  -175.024602      -63.885229
  -174.515906      -63.896501
  -173.618458      -64.066039
  -173.076850      -64.294331
  -172.785436      -64.630705
  -172.546904      -64.935230
  -172.287528      -65.305311
  -171.878172      -66.017057
  -171.838216      -66.484302
  -171.780994      -66.788367
  -171.480786      -67.142624
  -170.994116      -67.674426
  -170.983793      -68.018169
  -171.034549      -68.327427
  -170.984552      -68.674228
  -171.490031      -68.695248
  -171.826130      -68.901941
  -172.673138      -68.851426
  -173.194355      -68.716289
  -173.249429      -68.547938
  -173.704318      -68.370981
  -174.198893      -68.304752
  -174.703095      -65.792999
  -174.348483      -65.545959
  -174.599333      -65.200754
  -174.840594      -64.961432
  -174.849144      -64.959885
>UnclassifiedFeature <identity>GPlates-6fee5383-3ddb-4f3a-8ebe-8b6730d91270</identity> <revision>GPlates-7c3db868-74ea-44b7-9bf6-6d3ec6972437</revision>
> shapefileAttributes KeyValueDictionary ( FEATURE_ID,  GPlates-6fee5383-3ddb-4f3a-8ebe-8b6730d91270) ( PLATEID1,  802) ( GPGIM_TYPE,  gpml:UnclassifiedFeature) ( FROMAGE,  60) ( TOAGE,  0) ( IMPORT_AGE,  51)
> reconstructionPlateId 802
> validTime TimePeriod <begin> TimeInstant <timePosition>60</timePosition></begin> <end> TimeInstant <timePosition>0</timePosition></end>
> geometryImportTime TimeInstant <timePosition>51</timePosition>
  -175.024602      -63.885229
  -174.849144      -64.959885
  -175.984744      -64.748424
  -176.068853      -64.486469
  -176.015151      -64.137083
  -175.270167      -63.879146
  -175.024602      -63.885229
>UnclassifiedFeature <identity>GPlates-b1eebb3f-f4c3-45b7-821c-7566d521d386</identity> <revision>GPlates-3792a1e5-388b-43c5-b979-1ba385f4a4d0</revision>
> shapefileAttributes KeyValueDictionary ( FEATURE_ID,  GPlates-b1eebb3f-f4c3-45b7-821c-7566d521d386) ( PLATEID1,  804) ( GPGIM_TYPE,  gpml:UnclassifiedFeature) ( FROMAGE,  60) ( TOAGE,  0) ( IMPORT_AGE,  51)
> reconstructionPlateId 804
> validTime TimePeriod <begin> TimeInstant <timePosition>60</timePosition></begin> <end> TimeInstant <timePosition>0</timePosition></end>
> geometryImportTime TimeInstant <timePosition>51</timePosition>
  -169.145802      -69.022604
  -170.977366      -68.859048
  -171.464404      -67.949517
  -170.676485      -67.942021
  -170.080490      -68.074499
  -168.977509      -68.090932
  -167.865574      -68.066519
  -165.658882      -68.282557
  -159.584965      -69.000730
  -158.769858      -68.935841
  -158.011638      -68.851504
  -155.544394      -68.400394
  -154.093381      -68.234369
  -152.194444      -67.857293
  -150.994997      -67.470701
  -149.994007      -67.294155
  -148.428196      -67.027019
  -146.365138      -66.812712
  -144.123118      -66.511040
  -142.128528      -66.275053
  -140.957259      -66.236795
  -139.547916      -65.972266
  -137.780209      -65.994132
  -136.885662      -65.858112
  -135.655248      -65.948840
  -134.198414      -66.136733
  -132.747181      -65.956656
  -129.082374      -65.944447
  -127.847728      -65.996519
  -126.983366      -65.956046
  -124.964272      -65.981921
  -123.241155      -65.986229
  -121.273696      -66.129428
  -120.010794      -66.288373
  -118.021869      -66.485878
  -116.949819      -66.541110
  -114.659966      -66.464455
  -112.556165      -66.665502
  -111.338742      -66.754230
  -107.860725      -67.040042
  -106.665733      -66.874261
  -105.458576      -66.794287
  -103.753709      -66.747262
  -101.772486      -66.636888
  -100.398473      -66.674166
  -97.777283      -66.603696
  -96.469673      -66.514776
  -95.257324      -66.301004
  -93.748736      -66.011670
  -91.225162      -65.298548
  -89.197877      -64.737420
  -87.568776      -64.313732
  -85.549687      -63.781415
  -84.031899      -63.318848
  -82.739224      -63.044981
  -81.878265      -62.916099
  -80.675197      -62.773534
  -79.939261      -62.688836
  -78.940900      -62.526178
  -78.134817      -62.717861
  -77.592209      -63.153763
  -76.592120      -63.060182
  -75.068611      -63.054961
  -73.232058      -62.781682
  -71.913263      -62.626749
  -70.933496      -62.578652
  -69.168152      -62.471374
  -67.941921      -62.428291
  -66.791301      -62.372633
  -65.578084      -62.409341
  -66.244517      -63.176655
  -66.618638      -63.136271
  -67.350932      -63.238636
  -68.483908      -63.426335
  -72.233310      -63.815621
  -73.616221      -63.881290
  -76.348608      -64.131159
  -77.689742      -64.197316
  -78.948081      -64.451112
  -80.184456      -64.820906
  -81.497887      -65.244997
  -82.909166      -65.561954
  -85.413153      -66.234168
  -90.135458      -67.401524
  -91.669643      -67.672177
  -93.278151      -67.807701
  -95.359814      -67.854541
  -97.998526      -67.754282
  -100.515423      -69.255860
  -101.084828      -69.101677
  -102.248374      -67.267145
  -103.174188      -67.157630
  -105.629936      -67.288941
  -106.921347      -67.366233
  -109.024519      -67.478014
  -111.097770      -67.299125
  -112.645395      -67.022280
  -114.044599      -66.898352
  -115.518984      -67.022997
  -117.655230      -66.995517
  -118.929618      -66.950884
  -120.574107      -66.733443
  -121.792121      -66.570899
  -122.856373      -66.504676
  -124.218509      -66.432852
  -126.054537      -66.453825
  -127.212594      -66.445694
  -128.181738      -66.423564
  -129.598692      -66.419799
  -130.944357      -66.466654
  -132.496339      -66.583390
  -134.266808      -66.629832
  -135.261808      -66.590842
  -136.418236      -66.390213
  -137.507430      -66.318869
  -138.053108      -66.462683
  -140.388354      -66.707806
  -141.799762      -66.704645
  -143.142801      -66.892243
  -144.376845      -66.930791
  -145.873589      -67.177920
  -147.345941      -67.422845
  -148.461901      -67.691604
  -149.878526      -67.766293
  -150.472728      -68.048013
  -151.305894      -68.238860
  -152.593903      -68.483550
  -153.580173      -68.719924
  -154.813282      -68.823602
  -156.204826      -69.091846
  -157.668725      -69.399859
  -160.383773      -69.790029
  -162.472566      -69.637159
  -164.912666      -69.452083
  -166.972144      -69.227648
  -169.145802      -69.022604
>UnclassifiedFeature <identity>GPlates-b2411ecc-3099-4da8-a463-c653a8939c7e</identity> <revision>GPlates-ede06920-ac4e-4ddf-b6c3-c7c6d683cfdd</revision>
> shapefileAttributes KeyValueDictionary ( FEATURE_ID,  GPlates-b2411ecc-3099-4da8-a463-c653a8939c7e) ( PLATEID1,  802) ( GPGIM_TYPE,  gpml:UnclassifiedFeature) ( FROMAGE,  60) ( TOAGE,  0) ( IMPORT_AGE,  51)
> reconstructionPlateId 802
> validTime TimePeriod <begin> TimeInstant <timePosition>60</timePosition></begin> <end> TimeInstant <timePosition>0</timePosition></end>
> geometryImportTime TimeInstant <timePosition>51</timePosition>
  -64.352662      -66.038728
  -64.023950      -65.859010
  -63.810645      -65.795680
  -63.566358      -65.847158
  -63.329282      -66.017309
  -63.933711      -66.532985
  -64.624723      -66.842351
  -65.077388      -66.989696
  -65.541913      -67.350582
  -66.019249      -67.858471
  -66.459068      -68.389285
  -67.796368      -68.996425
  -68.344439      -69.265524
  -68.890941      -69.525678
  -69.122039      -69.782849
  -69.388645      -70.332729
  -69.601081      -70.785290
  -69.667526      -71.221873
  -69.797647      -72.347539
  -69.461386      -72.949075
  -67.703677      -73.557525
  -65.982274      -74.189121
  -63.817047      -74.436156
  -61.426294      -74.537647
  -57.523028      -74.617812
  -56.732912      -74.646612
  -55.240796      -74.865648
  -53.827754      -75.162492
  -51.094949      -75.592712
  -48.996447      -75.774949
  -47.266651      -76.048232
  -44.575085      -76.296100
  -42.803263      -76.457942
  -40.489133      -76.744819
  -38.679040      -76.951103
  -39.030387      -77.205065
  -39.660128      -77.189673
  -40.473088      -77.120646
  -43.472388      -76.941106
  -48.426044      -76.428861
  -50.977331      -76.137624
  -53.229518      -75.858239
  -54.921154      -75.485554
  -57.261680      -75.072579
  -57.671965      -75.036799
  -59.273838      -75.073965
  -61.284444      -75.079081
  -63.127428      -75.027097
  -66.215087      -74.663951
  -68.733568      -74.025272
  -70.054686      -73.532782
  -70.913703      -72.736397
  -71.079001      -72.286298
  -71.067982      -71.403641
  -70.989688      -70.756451
  -70.275146      -69.762728
  -69.760644      -69.295768
  -69.060585      -68.999028
  -68.405418      -68.776173
  -67.624409      -68.381908
  -67.287856      -68.246426
  -67.172718      -68.018237
  -67.048052      -67.809807
  -66.647873      -67.366137
  -66.236098      -67.025621
  -65.797552      -66.736841
  -65.286663      -66.526523
  -64.689619      -66.323357
  -64.352662      -66.038728
>